0,ALA,ARG,ASN,ASP,CYS,GLN,GLU,GLY,HIS,ILE,LEU,LYS,MET,PHE,PRO,SER,THR,TRP,TYR,VAL
ALA,-112.66508971391397,-279.53316799268185,-198.1902250896511,-621.8601840835244,-204.33751485057874,-213.48010029636794,-464.6251853761878,-236.87373134118542,-110.26512076449708,-302.0308876015186,-474.2835477606693,-225.4231595415468,-111.05257341433975,-227.47310710764026,-119.80727590359018,-242.80050645516616,-249.46498863378937,-94.75512636101212,-199.09357522343632,-367.33318838373185
ARG,-279.53316799268185,5538.923294495099,-397.98845172830147,-28628.65965891234,-3973.0524188018912,-280.56779288417573,-29652.863639448948,-368.6333548488419,725.695821464369,-251.37644637211392,-460.21921355885166,22113.46083991192,214.81348160129176,-215.95941234023314,-162.10277871832858,-331.8687637602985,-185.84390021620226,-145.93256710230165,-286.3012723079214,-287.345816612181
ASN,-198.1902250896511,-397.98845172830147,-54.84249885276233,-291.3208996362094,21.27429859639123,-174.8514990160313,-137.33800438365424,-166.25690453297014,-95.13044265318419,-160.8507937904471,-248.49518412372737,-478.47923607661284,-69.90806025744283,-160.37282080829962,-93.65111759842823,-201.1519083435598,-219.60048739211211,-85.68678618338393,-169.93187753747753,-201.87301631326207
ASP,-621.8601840835244,-28628.65965891234,-291.3208996362094,8646.382230420782,5617.197269670194,-216.23620526873626,34200.7458100045,-329.4761428911085,-1399.5110173201579,-222.0561724647349,-292.7896415204765,-34451.39859835523,-471.7529790045377,-209.78474226889142,-141.87388364740497,-490.84258599712075,-489.85929409663277,-88.03648352680004,-233.05252373160369,-296.7410520763131
CYS,-204.33751485057874,-3973.0524188018912,21.27429859639123,5617.197269670194,1551.1685433603068,-32.973951719838134,5369.378864169762,-183.50618907904345,-210.4371042973618,-103.16893662185099,-74.80588082966366,-4716.666482934954,-60.58376279199871,-101.23306846042988,-35.532243872341354,-54.02604904245159,-119.7072561745985,-23.74921364451167,-131.49213000419272,-102.44715937236992
GLN,-213.48010029636794,-280.56779288417573,-174.8514990160313,-216.23620526873626,-32.973951719838134,-41.214718470560015,-179.32595080666516,-137.65636347482453,-83.96427454772231,-162.33251202171738,-278.5330898619197,-366.1793215903967,-62.02467192553935,-140.89982756915222,-87.10570404416018,-171.2202654608149,-170.89820862640582,-84.01290396799732,-145.71571944740046,-187.88924896185617
GLU,-464.6251853761878,-29652.863639448948,-137.33800438365424,34200.7458100045,5369.378864169762,-179.32595080666516,9259.970250200806,-134.6247220955647,-1172.1224842651297,-217.54466179469455,-316.85727918067545,-36590.79870509339,-566.3246824654851,-201.00098692147841,-114.01429041312886,-270.95089620943503,-384.75373418406576,-80.5168482926649,-227.8760002519993,-256.6002184489397
GLY,-236.87373134118542,-368.6333548488419,-166.25690453297014,-329.4761428911085,-183.50618907904345,-137.65636347482453,-134.6247220955647,-37.90489573482732,-100.79767880244063,-179.01949786589867,-272.0706963777193,-348.05630202478045,-72.37737373089637,-149.62855208001255,-91.60948781595891,-178.38061917276377,-200.49185031655716,-80.05830048611797,-160.5890281562812,-222.2758277176222
HIS,-110.26512076449708,725.695821464369,-95.13044265318419,-1399.5110173201579,-210.4371042973618,-83.96427454772231,-1172.1224842651297,-100.79767880244063,-6.834947971601066,-112.07950455519051,-173.31312210373636,731.5675697749758,-41.88013276060775,-101.9002294070944,-65.34045859710244,-113.65565288244744,-118.37338533686109,-65.30229744317917,-105.39836383509292,-132.27955219974578
ILE,-302.0308876015186,-251.37644637211392,-160.8507937904471,-222.0561724647349,-103.16893662185099,-162.33251202171738,-217.54466179469455,-179.01949786589867,-112.07950455519051,-90.5502889882931,-496.18008552685455,-278.174043773669,-120.71846024314185,-254.66255047050416,-99.74914573823729,-191.60458182087493,-227.95902879217357,-95.25593152839866,-210.55096704200707,-397.61076228717735
LEU,-474.2835477606693,-460.21921355885166,-248.49518412372737,-292.7896415204765,-74.80588082966366,-278.5330898619197,-316.85727918067545,-272.0706963777193,-173.31312210373636,-496.18008552685455,-220.0231289430228,-621.4725485834368,-180.99898516380938,-412.1281258523884,-166.64824440667385,-303.7042046107984,-337.21796841460014,-162.9006293028547,-325.84829452745566,-577.7060792216322
LYS,-225.4231595415468,22113.46083991192,-478.47923607661284,-34451.39859835523,-4716.666482934954,-366.1793215903967,-36590.79870509339,-348.05630202478045,731.5675697749758,-278.174043773669,-621.4725485834368,7979.115100694678,314.5458845683692,-274.12269061156826,-180.75949500876993,-343.4833935686092,-245.3909805814073,-130.90830753506484,-344.31211118654113,-341.24460297126035
MET,-111.05257341433975,214.81348160129176,-69.90806025744283,-471.7529790045377,-60.58376279199871,-62.02467192553935,-566.3246824654851,-72.37737373089637,-41.88013276060775,-120.71846024314185,-180.99898516380938,314.5458845683692,-15.117223447667579,-119.71415347725716,-45.908301961679314,-75.51068500801892,-83.24526873809432,-40.990166138336406,-93.18239830369716,-141.32933818487462
PHE,-227.47310710764026,-215.95941234023314,-160.37282080829962,-209.78474226889142,-101.23306846042988,-140.89982756915222,-201.00098692147841,-149.62855208001255,-101.9002294070944,-254.66255047050416,-412.1281258523884,-274.12269061156826,-119.71415347725716,-66.41772909309029,-109.9844788052444,-159.2017397867932,-184.27366863817124,-95.129006667299,-213.65928601856834,-312.15191828186374
PRO,-119.80727590359018,-162.10277871832858,-93.65111759842823,-141.87388364740497,-35.532243872341354,-87.10570404416018,-114.01429041312886,-91.60948781595891,-65.34045859710244,-99.74914573823729,-166.64824440667385,-180.75949500876993,-45.908301961679314,-109.9844788052444,-15.042183260373308,-93.96311856735511,-107.54248774815295,-63.27874021851986,-136.61022144188314,-147.9182784209837
SER,-242.80050645516616,-331.8687637602985,-201.1519083435598,-490.84258599712075,-54.02604904245159,-171.2202654608149,-270.95089620943503,-178.38061917276377,-113.65565288244744,-191.60458182087493,-303.7042046107984,-343.4833935686092,-75.51068500801892,-159.2017397867932,-93.96311856735511,-54.674789537112346,-198.01154112229904,-76.0933387494003,-179.73639678510847,-238.3927831742218
THR,-249.46498863378937,-185.84390021620226,-219.60048739211211,-489.85929409663277,-119.7072561745985,-170.89820862640582,-384.75373418406576,-200.49185031655716,-118.37338533686109,-227.95902879217357,-337.21796841460014,-245.3909805814073,-83.24526873809432,-184.27366863817124,-107.54248774815295,-198.01154112229904,-61.87430013501765,-77.3143378608955,-181.17298387353333,-278.91943961500556
TRP,-94.75512636101212,-145.93256710230165,-85.68678618338393,-88.03648352680004,-23.74921364451167,-84.01290396799732,-80.5168482926649,-80.05830048611797,-65.30229744317917,-95.25593152839866,-162.9006293028547,-130.90830753506484,-40.990166138336406,-95.129006667299,-63.27874021851986,-76.0933387494003,-77.3143378608955,-11.857992426945133,-94.33100955235304,-121.45515897009004
TYR,-199.09357522343632,-286.3012723079214,-169.93187753747753,-233.05252373160369,-131.49213000419272,-145.71571944740046,-227.8760002519993,-160.5890281562812,-105.39836383509292,-210.55096704200707,-325.84829452745566,-344.31211118654113,-93.18239830369716,-213.65928601856834,-136.61022144188314,-179.73639678510847,-181.17298387353333,-94.33100955235304,-49.076626872318684,-247.25611710606256
VAL,-367.33318838373185,-287.345816612181,-201.87301631326207,-296.7410520763131,-102.44715937236992,-187.88924896185617,-256.6002184489397,-222.2758277176222,-132.27955219974578,-397.61076228717735,-577.7060792216322,-341.24460297126035,-141.32933818487462,-312.15191828186374,-147.9182784209837,-238.3927831742218,-278.91943961500556,-121.45515897009004,-247.25611710606256,-131.8829894854731
